24
42 59 87 153 162 173 283 299 405 420 491 565 603 680 697 733 743 764 819 851 880 905 938 954 
-1.00 -1.00 -1.00 -1.00 -1.00 45.1 -1.00 -1.00 -1.00 -1.00 -1.00 -1.00 77.1 -1.00 -1.00 81.5 5.5 -1.00 -1.00 -1.00 -1.00 -1.00 -1.00 -1.00 
-1.00 -1.00 -1.00 -1.00 -1.00 -1.00 -1.00 -1.00 -1.00 25.5 -1.00 -1.00 -1.00 -1.00 -1.00 -1.00 -1.00 -1.00 82.4 52.1 -1.00 -1.00 -1.00 -1.00 
-1.00 -1.00 -1.00 -1.00 -1.00 -1.00 -1.00 -1.00 -1.00 -1.00 -1.00 36.9 -1.00 -1.00 49.7 -1.00 -1.00 -1.00 -1.00 -1.00 -1.00 2.8 -1.00 -1.00 
-1.00 -1.00 -1.00 -1.00 50.1 -1.00 -1.00 9.6 -1.00 -1.00 -1.00 -1.00 -1.00 41.0 -1.00 -1.00 -1.00 -1.00 -1.00 -1.00 -1.00 -1.00 -1.00 -1.00 
-1.00 -1.00 -1.00 50.1 -1.00 -1.00 -1.00 -1.00 -1.00 -1.00 -1.00 -1.00 27.9 -1.00 -1.00 -1.00 -1.00 25.5 -1.00 -1.00 -1.00 -1.00 -1.00 -1.00 
45.1 -1.00 -1.00 -1.00 -1.00 -1.00 96.4 -1.00 -1.00 -1.00 -1.00 -1.00 -1.00 -1.00 16.8 -1.00 -1.00 58.1 -1.00 -1.00 -1.00 -1.00 -1.00 -1.00 
-1.00 -1.00 -1.00 -1.00 -1.00 96.4 -1.00 -1.00 -1.00 -1.00 -1.00 -1.00 -1.00 -1.00 -1.00 26.2 -1.00 -1.00 -1.00 -1.00 -1.00 -1.00 -1.00 -1.00 
-1.00 -1.00 -1.00 9.6 -1.00 -1.00 -1.00 -1.00 79.6 -1.00 -1.00 -1.00 -1.00 -1.00 38.3 -1.00 -1.00 -1.00 -1.00 -1.00 -1.00 -1.00 -1.00 -1.00 
-1.00 -1.00 -1.00 -1.00 -1.00 -1.00 -1.00 79.6 -1.00 -1.00 -1.00 -1.00 -1.00 -1.00 -1.00 -1.00 -1.00 -1.00 -1.00 27.7 -1.00 -1.00 -1.00 -1.00 
-1.00 25.5 -1.00 -1.00 -1.00 -1.00 -1.00 -1.00 -1.00 -1.00 -1.00 67.8 -1.00 -1.00 -1.00 -1.00 -1.00 -1.00 -1.00 -1.00 -1.00 -1.00 -1.00 -1.00 
-1.00 -1.00 -1.00 -1.00 -1.00 -1.00 -1.00 -1.00 -1.00 -1.00 -1.00 -1.00 -1.00 -1.00 -1.00 -1.00 -1.00 -1.00 -1.00 6.1 68.7 -1.00 -1.00 -1.00 
-1.00 -1.00 36.9 -1.00 -1.00 -1.00 -1.00 -1.00 -1.00 67.8 -1.00 -1.00 -1.00 -1.00 -1.00 -1.00 -1.00 -1.00 -1.00 -1.00 -1.00 -1.00 -1.00 -1.00 
77.1 -1.00 -1.00 -1.00 27.9 -1.00 -1.00 -1.00 -1.00 -1.00 -1.00 -1.00 -1.00 -1.00 -1.00 -1.00 -1.00 -1.00 -1.00 -1.00 -1.00 -1.00 -1.00 11.5 
-1.00 -1.00 -1.00 41.0 -1.00 -1.00 -1.00 -1.00 -1.00 -1.00 -1.00 -1.00 -1.00 -1.00 -1.00 -1.00 -1.00 -1.00 -1.00 -1.00 -1.00 -1.00 -1.00 -1.00 
-1.00 -1.00 49.7 -1.00 -1.00 16.8 -1.00 38.3 -1.00 -1.00 -1.00 -1.00 -1.00 -1.00 -1.00 -1.00 -1.00 -1.00 -1.00 -1.00 -1.00 -1.00 -1.00 -1.00 
81.5 -1.00 -1.00 -1.00 -1.00 -1.00 26.2 -1.00 -1.00 -1.00 -1.00 -1.00 -1.00 -1.00 -1.00 -1.00 -1.00 -1.00 -1.00 -1.00 -1.00 -1.00 -1.00 -1.00 
5.5 -1.00 -1.00 -1.00 -1.00 -1.00 -1.00 -1.00 -1.00 -1.00 -1.00 -1.00 -1.00 -1.00 -1.00 -1.00 -1.00 -1.00 -1.00 -1.00 -1.00 -1.00 -1.00 -1.00 
-1.00 -1.00 -1.00 -1.00 25.5 58.1 -1.00 -1.00 -1.00 -1.00 -1.00 -1.00 -1.00 -1.00 -1.00 -1.00 -1.00 -1.00 -1.00 -1.00 -1.00 -1.00 -1.00 -1.00 
-1.00 82.4 -1.00 -1.00 -1.00 -1.00 -1.00 -1.00 -1.00 -1.00 -1.00 -1.00 -1.00 -1.00 -1.00 -1.00 -1.00 -1.00 -1.00 -1.00 -1.00 -1.00 -1.00 -1.00 
-1.00 52.1 -1.00 -1.00 -1.00 -1.00 -1.00 -1.00 27.7 -1.00 6.1 -1.00 -1.00 -1.00 -1.00 -1.00 -1.00 -1.00 -1.00 -1.00 -1.00 -1.00 -1.00 -1.00 
-1.00 -1.00 -1.00 -1.00 -1.00 -1.00 -1.00 -1.00 -1.00 -1.00 68.7 -1.00 -1.00 -1.00 -1.00 -1.00 -1.00 -1.00 -1.00 -1.00 -1.00 16.9 -1.00 -1.00 
-1.00 -1.00 2.8 -1.00 -1.00 -1.00 -1.00 -1.00 -1.00 -1.00 -1.00 -1.00 -1.00 -1.00 -1.00 -1.00 -1.00 -1.00 -1.00 -1.00 16.9 -1.00 69.5 -1.00 
-1.00 -1.00 -1.00 -1.00 -1.00 -1.00 -1.00 -1.00 -1.00 -1.00 -1.00 -1.00 -1.00 -1.00 -1.00 -1.00 -1.00 -1.00 -1.00 -1.00 -1.00 69.5 -1.00 -1.00 
-1.00 -1.00 -1.00 -1.00 -1.00 -1.00 -1.00 -1.00 -1.00 -1.00 -1.00 -1.00 11.5 -1.00 -1.00 -1.00 -1.00 -1.00 -1.00 -1.00 -1.00 -1.00 -1.00 -1.00 
